4294967278,363
68,5
68,4
68,3
68,2
68,1
68,0
4294967294,436
67,5
67,4
67,3
67,2
67,1
67,0
4294967294,1146
4294967294,1145
4294967294,468
4294967294,829
4294967279,558
4294967278,362
66,5
66,4
66,3
66,2
66,1
66,0
4294967279,557
4294967278,361
4294967279,556
4294967278,360
4294967278,359
4294967279,555
4294967278,358
65,4
65,3
65,2
65,1
65,0
4294967278,357
4294967278,356
4294967279,554
4294967278,355
4294967279,553
4294967278,354
4294967279,552
64,4
64,3
64,2
64,1
64,0
63,4
63,3
63,2
63,1
63,0
62,4
62,3
62,2
62,1
62,0
4294967279,551
61,4
61,3
61,2
61,1
61,0
4294967279,550
60,4
60,3
60,2
60,1
60,0
4294967279,549
59,4
59,3
59,2
59,1
59,0
4294967278,353
4294967279,542
58,5
58,4
58,3
58,2
58,1
58,0
4294967279,548
57,5
57,4
57,3
57,2
57,1
57,0
4294967278,352
56,6
56,5
56,4
56,3
56,2
56,1
56,0
55,5
55,4
55,3
55,2
55,1
55,0
4294967279,547
54,5
54,4
54,3
54,2
54,1
54,0
4294967278,351
53,5
53,4
53,3
53,2
53,1
53,0
4294967279,546
52,5
52,4
52,3
52,2
52,1
52,0
4294967278,350
51,4
51,3
51,2
51,1
51,0
4294967278,349
50,4
50,3
50,2
50,1
50,0
4294967278,348
49,6
49,5
49,4
49,3
49,2
49,1
49,0
4294967279,545
4294967293,131
4294967293,130
4294967293,129
4294967293,128
4294967293,127
4294967293,126
4294967293,125
4294967293,124
4294967293,123
4294967293,122
4294967293,121
4294967293,120
4294967293,119
4294967293,118
4294967293,117
4294967293,116
4294967293,115
4294967293,114
4294967293,113
4294967293,112
4294967293,111
4294967293,110
4294967293,109
4294967293,108
4294967293,107
4294967293,106
4294967293,105
4294967293,104
4294967293,103
4294967293,102
4294967293,101
4294967293,100
4294967293,99
4294967293,98
4294967293,97
4294967293,96
4294967293,95
4294967293,94
4294967293,93
4294967293,92
4294967293,91
4294967293,90
4294967293,89
4294967293,88
4294967293,87
4294967293,86
4294967293,85
4294967293,84
4294967293,83
4294967293,82
4294967293,81
4294967293,80
4294967293,79
4294967293,78
4294967293,77
4294967293,76
4294967293,75
4294967293,74
4294967293,73
4294967293,72
4294967293,71
4294967293,70
4294967293,69
4294967293,68
4294967293,67
4294967293,66
4294967293,65
4294967293,64
4294967293,63
4294967293,62
4294967293,61
4294967293,60
4294967293,59
4294967293,58
4294967293,57
4294967293,56
4294967293,55
4294967293,54
4294967293,53
4294967293,52
4294967293,51
4294967293,50
4294967293,49
4294967293,48
4294967293,47
4294967293,46
4294967293,45
4294967293,44
4294967293,43
4294967293,42
4294967293,41
4294967293,40
4294967293,39
4294967293,38
4294967293,37
4294967293,36
4294967293,35
4294967293,34
4294967293,33
4294967293,32
4294967293,31
4294967293,30
4294967293,29
4294967293,28
4294967293,27
4294967293,26
4294967293,25
4294967293,24
4294967293,23
4294967293,22
4294967293,21
4294967293,20
4294967293,19
4294967293,18
4294967293,17
4294967293,16
4294967293,15
4294967293,14
4294967293,13
4294967293,12
4294967293,11
4294967293,10
4294967293,9
4294967293,8
4294967293,7
4294967293,6
4294967293,5
4294967293,4
4294967293,3
4294967293,2
4294501266,0
4294501265,0
4294501264,0
4294501263,0
4294501262,0
4294501261,0
4294501260,0
4294501259,0
4294501258,0
4294501257,0
4294967293,0
4294967278,177
4294967278,63
4294967278,345
4294967278,176
4294967278,62
4294967278,343
4294967278,175
4294967278,61
4294967278,344
4294967278,173
4294967278,60
4294967278,172
4294967278,59
4294967278,171
4294967278,58
4294967278,170
4294967278,57
4294967278,342
4294967278,169
4294967278,56
4294967278,341
4294967278,168
4294967278,55
4294967278,167
4294967278,54
4294967278,308
